                               

KineticEnergy   TotalStoppingPower     RangeCSDA      ProjectedRange

1.000E-03 8.155E+01 1.655E-05 3.089E-06 
1.500E-03 9.147E+01 2.230E-05 4.483E-06 
2.000E-03 9.943E+01 2.753E-05 5.896E-06 
2.500E-03 1.064E+02 3.239E-05 7.325E-06 
3.000E-03 1.126E+02 3.696E-05 8.768E-06 
4.000E-03 1.240E+02 4.541E-05 1.169E-05 
5.000E-03 1.343E+02 5.315E-05 1.463E-05 
6.000E-03 1.439E+02 6.034E-05 1.759E-05 
7.000E-03 1.531E+02 6.708E-05 2.054E-05 
8.000E-03 1.618E+02 7.343E-05 2.349E-05 
9.000E-03 1.702E+02 7.945E-05 2.642E-05 
1.000E-02 1.784E+02 8.519E-05 2.933E-05 
1.250E-02 1.977E+02 9.849E-05 3.650E-05 
1.500E-02 2.160E+02 1.106E-04 4.351E-05 
1.750E-02 2.334E+02 1.217E-04 5.034E-05 
2.000E-02 2.501E+02 1.320E-04 5.698E-05 
2.250E-02 2.661E+02 1.417E-04 6.345E-05 
2.500E-02 2.816E+02 1.509E-04 6.975E-05 
2.750E-02 2.966E+02 1.595E-04 7.588E-05 
3.000E-02 3.111E+02 1.677E-04 8.186E-05 
3.500E-02 3.391E+02 1.831E-04 9.338E-05 
4.000E-02 3.658E+02 1.973E-04 1.044E-04 
4.500E-02 3.913E+02 2.105E-04 1.149E-04 
5.000E-02 4.159E+02 2.229E-04 1.249E-04 
5.500E-02 4.395E+02 2.346E-04 1.346E-04 
6.000E-02 4.624E+02 2.457E-04 1.440E-04 
6.500E-02 4.846E+02 2.563E-04 1.530E-04 
7.000E-02 5.061E+02 2.663E-04 1.617E-04 
7.500E-02 5.270E+02 2.760E-04 1.701E-04 
8.000E-02 5.473E+02 2.853E-04 1.783E-04 
8.500E-02 5.671E+02 2.943E-04 1.862E-04 
9.000E-02 5.864E+02 3.030E-04 1.940E-04 
9.500E-02 6.053E+02 3.114E-04 2.015E-04 
1.000E-01 6.236E+02 3.195E-04 2.089E-04 
1.250E-01 7.096E+02 3.570E-04 2.432E-04 
1.500E-01 7.869E+02 3.904E-04 2.744E-04 
1.750E-01 8.566E+02 4.209E-04 3.031E-04 
2.000E-01 9.197E+02 4.490E-04 3.299E-04 
2.250E-01 9.767E+02 4.754E-04 3.551E-04 
2.500E-01 1.028E+03 5.003E-04 3.791E-04 
2.750E-01 1.074E+03 5.241E-04 4.021E-04 
3.000E-01 1.115E+03 5.469E-04 4.243E-04 
3.500E-01 1.184E+03 5.903E-04 4.666E-04 
4.000E-01 1.237E+03 6.316E-04 5.070E-04 
4.500E-01 1.275E+03 6.714E-04 5.460E-04 
5.000E-01 1.301E+03 7.102E-04 5.842E-04 
5.500E-01 1.316E+03 7.484E-04 6.218E-04 
6.000E-01 1.323E+03 7.863E-04 6.592E-04 
6.500E-01 1.323E+03 8.240E-04 6.965E-04 
7.000E-01 1.317E+03 8.619E-04 7.339E-04 
7.500E-01 1.307E+03 9.000E-04 7.716E-04 
8.000E-01 1.293E+03 9.384E-04 8.097E-04 
8.500E-01 1.277E+03 9.773E-04 8.483E-04 
9.000E-01 1.260E+03 1.017E-03 8.874E-04 
9.500E-01 1.242E+03 1.057E-03 9.270E-04 
1.000E+00 1.223E+03 1.097E-03 9.673E-04 
1.250E+00 1.131E+03 1.310E-03 1.178E-03 
1.500E+00 1.048E+03 1.540E-03 1.407E-03 
1.750E+00 9.749E+02 1.787E-03 1.653E-03 
2.000E+00 9.120E+02 2.052E-03 1.918E-03 
2.250E+00 8.575E+02 2.335E-03 2.199E-03 
2.500E+00 8.097E+02 2.635E-03 2.498E-03 
2.750E+00 7.677E+02 2.953E-03 2.815E-03 
3.000E+00 7.304E+02 3.287E-03 3.147E-03 
3.500E+00 6.666E+02 4.004E-03 3.863E-03 
4.000E+00 6.137E+02 4.787E-03 4.643E-03 
4.500E+00 5.701E+02 5.633E-03 5.487E-03 
5.000E+00 5.331E+02 6.540E-03 6.392E-03 
5.500E+00 5.013E+02 7.508E-03 7.358E-03 
6.000E+00 4.737E+02 8.535E-03 8.382E-03 
6.500E+00 4.494E+02 9.619E-03 9.464E-03 
7.000E+00 4.276E+02 1.076E-02 1.060E-02 
7.500E+00 4.085E+02 1.196E-02 1.180E-02 
8.000E+00 3.913E+02 1.321E-02 1.304E-02 
8.500E+00 3.756E+02 1.451E-02 1.435E-02 
9.000E+00 3.614E+02 1.587E-02 1.570E-02 
9.500E+00 3.483E+02 1.728E-02 1.711E-02 
1.000E+01 3.362E+02 1.874E-02 1.857E-02 
1.250E+01 2.878E+02 2.681E-02 2.662E-02 
1.500E+01 2.527E+02 3.610E-02 3.589E-02 
1.750E+01 2.261E+02 4.658E-02 4.635E-02 
2.000E+01 2.051E+02 5.820E-02 5.796E-02 
2.500E+01 1.739E+02 8.479E-02 8.450E-02 
2.750E+01 1.619E+02 9.970E-02 9.939E-02 
3.000E+01 1.517E+02 1.157E-01 1.153E-01 
3.500E+01 1.350E+02 1.507E-01 1.503E-01 
4.000E+01 1.219E+02 1.897E-01 1.893E-01 
4.500E+01 1.114E+02 2.327E-01 2.322E-01 
5.000E+01 1.028E+02 2.794E-01 2.789E-01 
5.500E+01 9.547E+01 3.300E-01 3.293E-01 
6.000E+01 8.926E+01 3.842E-01 3.834E-01 
6.500E+01 8.389E+01 4.420E-01 4.412E-01 
7.000E+01 7.919E+01 5.033E-01 5.025E-01 
7.500E+01 7.505E+01 5.682E-01 5.673E-01 
8.000E+01 7.137E+01 6.366E-01 6.355E-01 
8.500E+01 6.807E+01 7.083E-01 7.072E-01 
9.000E+01 6.510E+01 7.835E-01 7.822E-01 
9.500E+01 6.241E+01 8.619E-01 8.606E-01 
1.000E+02 5.996E+01 9.437E-01 9.422E-01 
1.250E+02 5.036E+01 1.401E+00 1.399E+00 
1.500E+02 4.369E+01 1.935E+00 1.933E+00 
1.750E+02 3.875E+01 2.544E+00 2.541E+00 
2.000E+02 3.495E+01 3.225E+00 3.220E+00 
2.250E+02 3.192E+01 3.974E+00 3.969E+00 
2.500E+02 2.946E+01 4.790E+00 4.784E+00 
2.750E+02 2.740E+01 5.671E+00 5.664E+00 
3.000E+02 2.566E+01 6.614E+00 6.606E+00 
3.500E+02 2.288E+01 8.682E+00 8.672E+00 
4.000E+02 2.075E+01 1.098E+01 1.097E+01 
4.500E+02 1.906E+01 1.350E+01 1.348E+01 
5.000E+02 1.769E+01 1.622E+01 1.621E+01 
5.500E+02 1.656E+01 1.915E+01 1.913E+01 
6.000E+02 1.560E+01 2.226E+01 2.224E+01 
6.500E+02 1.479E+01 2.555E+01 2.553E+01 
7.000E+02 1.408E+01 2.902E+01 2.899E+01 
7.500E+02 1.347E+01 3.265E+01 3.262E+01 
8.000E+02 1.293E+01 3.644E+01 3.640E+01 
8.500E+02 1.245E+01 4.038E+01 4.034E+01 
9.000E+02 1.202E+01 4.447E+01 4.443E+01 
9.500E+02 1.164E+01 4.870E+01 4.865E+01 
1.000E+03 1.129E+01 5.306E+01 5.301E+01 