                                   
KineticEnergy   TotalStoppingPower     RangeCSDA      ProjectedRange

1.000E-03 1.305E+02 9.964E-06 2.529E-06 
1.500E-03 1.447E+02 1.358E-05 3.704E-06 
2.000E-03 1.564E+02 1.690E-05 4.895E-06 
2.500E-03 1.667E+02 1.999E-05 6.094E-06 
3.000E-03 1.761E+02 2.291E-05 7.300E-06 
4.000E-03 1.935E+02 2.832E-05 9.717E-06 
5.000E-03 2.095E+02 3.329E-05 1.213E-05 
6.000E-03 2.245E+02 3.790E-05 1.452E-05 
7.000E-03 2.389E+02 4.221E-05 1.689E-05 
8.000E-03 2.527E+02 4.628E-05 1.922E-05 
9.000E-03 2.661E+02 5.014E-05 2.153E-05 
1.000E-02 2.790E+02 5.381E-05 2.379E-05 
1.250E-02 3.098E+02 6.230E-05 2.931E-05 
1.500E-02 3.388E+02 7.001E-05 3.460E-05 
1.750E-02 3.664E+02 7.710E-05 3.969E-05 
2.000E-02 3.927E+02 8.369E-05 4.458E-05 
2.250E-02 4.179E+02 8.986E-05 4.929E-05 
2.500E-02 4.421E+02 9.567E-05 5.384E-05 
2.750E-02 4.655E+02 1.012E-04 5.824E-05 
3.000E-02 4.880E+02 1.064E-04 6.250E-05 
3.500E-02 5.309E+02 1.162E-04 7.064E-05 
4.000E-02 5.711E+02 1.253E-04 7.835E-05 
4.500E-02 6.088E+02 1.338E-04 8.568E-05 
5.000E-02 6.444E+02 1.418E-04 9.269E-05 
5.500E-02 6.779E+02 1.493E-04 9.941E-05 
6.000E-02 7.095E+02 1.565E-04 1.059E-04 
6.500E-02 7.393E+02 1.634E-04 1.121E-04 
7.000E-02 7.674E+02 1.701E-04 1.182E-04 
7.500E-02 7.939E+02 1.765E-04 1.241E-04 
8.000E-02 8.189E+02 1.827E-04 1.298E-04 
8.500E-02 8.425E+02 1.887E-04 1.354E-04 
9.000E-02 8.648E+02 1.946E-04 1.409E-04 
9.500E-02 8.858E+02 2.003E-04 1.462E-04 
1.000E-01 9.056E+02 2.059E-04 1.515E-04 
1.250E-01 9.894E+02 2.322E-04 1.764E-04 
1.500E-01 1.053E+03 2.567E-04 1.999E-04 
1.750E-01 1.103E+03 2.798E-04 2.222E-04 
2.000E-01 1.142E+03 3.021E-04 2.438E-04 
2.250E-01 1.174E+03 3.237E-04 2.648E-04 
2.500E-01 1.200E+03 3.447E-04 2.854E-04 
2.750E-01 1.222E+03 3.654E-04 3.056E-04 
3.000E-01 1.239E+03 3.857E-04 3.256E-04 
3.500E-01 1.266E+03 4.256E-04 3.648E-04 
4.000E-01 1.284E+03 4.648E-04 4.034E-04 
4.500E-01 1.294E+03 5.035E-04 4.417E-04 
5.000E-01 1.300E+03 5.421E-04 4.798E-04 
5.500E-01 1.301E+03 5.805E-04 5.179E-04 
6.000E-01 1.300E+03 6.189E-04 5.560E-04 
6.500E-01 1.295E+03 6.575E-04 5.942E-04 
7.000E-01 1.289E+03 6.962E-04 6.326E-04 
7.500E-01 1.281E+03 7.351E-04 6.712E-04 
8.000E-01 1.271E+03 7.743E-04 7.101E-04 
8.500E-01 1.261E+03 8.137E-04 7.493E-04 
9.000E-01 1.250E+03 8.536E-04 7.889E-04 
9.500E-01 1.238E+03 8.937E-04 8.289E-04 
1.000E+00 1.226E+03 9.343E-04 8.692E-04 
1.250E+00 1.163E+03 1.144E-03 1.077E-03 
1.500E+00 1.100E+03 1.365E-03 1.298E-03 
1.750E+00 1.040E+03 1.598E-03 1.531E-03 
2.000E+00 9.859E+02 1.845E-03 1.777E-03 
2.250E+00 9.385E+02 2.105E-03 2.036E-03 
2.500E+00 8.962E+02 2.378E-03 2.308E-03 
2.750E+00 8.576E+02 2.663E-03 2.592E-03 
3.000E+00 8.217E+02 2.961E-03 2.890E-03 
3.500E+00 7.568E+02 3.596E-03 3.523E-03 
4.000E+00 6.991E+02 4.283E-03 4.209E-03 
4.500E+00 6.483E+02 5.027E-03 4.951E-03 
5.000E+00 6.053E+02 5.825E-03 5.748E-03 
5.500E+00 5.683E+02 6.678E-03 6.600E-03 
6.000E+00 5.361E+02 7.585E-03 7.504E-03 
6.500E+00 5.078E+02 8.544E-03 8.462E-03 
7.000E+00 4.827E+02 9.554E-03 9.470E-03 
7.500E+00 4.603E+02 1.061E-02 1.053E-02 
8.000E+00 4.401E+02 1.173E-02 1.164E-02 
8.500E+00 4.219E+02 1.289E-02 1.280E-02 
9.000E+00 4.053E+02 1.410E-02 1.401E-02 
9.500E+00 3.902E+02 1.535E-02 1.526E-02 
1.000E+01 3.762E+02 1.666E-02 1.656E-02 
1.250E+01 3.207E+02 2.388E-02 2.378E-02 
1.500E+01 2.809E+02 3.224E-02 3.212E-02 
1.750E+01 2.509E+02 4.167E-02 4.155E-02 
2.000E+01 2.272E+02 5.216E-02 5.202E-02 
2.500E+01 1.923E+02 7.617E-02 7.601E-02 
2.750E+01 1.790E+02 8.966E-02 8.948E-02 
3.000E+01 1.676E+02 1.041E-01 1.039E-01 
3.500E+01 1.490E+02 1.358E-01 1.356E-01 
4.000E+01 1.345E+02 1.712E-01 1.709E-01 
4.500E+01 1.228E+02 2.102E-01 2.098E-01 
5.000E+01 1.132E+02 2.526E-01 2.523E-01 
5.500E+01 1.051E+02 2.985E-01 2.981E-01 
6.000E+01 9.817E+01 3.478E-01 3.473E-01 
6.500E+01 9.222E+01 4.003E-01 3.999E-01 
7.000E+01 8.701E+01 4.562E-01 4.556E-01 
7.500E+01 8.243E+01 5.153E-01 5.147E-01 
8.000E+01 7.835E+01 5.775E-01 5.768E-01 
8.500E+01 7.470E+01 6.429E-01 6.422E-01 
9.000E+01 7.142E+01 7.114E-01 7.106E-01 
9.500E+01 6.844E+01 7.829E-01 7.820E-01 
1.000E+02 6.573E+01 8.575E-01 8.565E-01 
1.250E+02 5.514E+01 1.275E+00 1.273E+00 
1.500E+02 4.778E+01 1.763E+00 1.761E+00 
1.750E+02 4.235E+01 2.320E+00 2.318E+00 
2.000E+02 3.817E+01 2.943E+00 2.940E+00 
2.250E+02 3.485E+01 3.629E+00 3.626E+00 
2.500E+02 3.214E+01 4.377E+00 4.373E+00 
2.750E+02 2.989E+01 5.184E+00 5.180E+00 
3.000E+02 2.798E+01 6.050E+00 6.044E+00 
3.500E+02 2.493E+01 7.947E+00 7.940E+00 
4.000E+02 2.260E+01 1.006E+01 1.005E+01 
4.500E+02 2.075E+01 1.237E+01 1.236E+01 
5.000E+02 1.925E+01 1.487E+01 1.486E+01 
5.500E+02 1.801E+01 1.756E+01 1.755E+01 
6.000E+02 1.697E+01 2.042E+01 2.041E+01 
6.500E+02 1.608E+01 2.345E+01 2.343E+01 
7.000E+02 1.531E+01 2.664E+01 2.662E+01 
7.500E+02 1.464E+01 2.998E+01 2.996E+01 
8.000E+02 1.405E+01 3.347E+01 3.345E+01 
8.500E+02 1.352E+01 3.710E+01 3.707E+01 
9.000E+02 1.305E+01 4.086E+01 4.084E+01 
9.500E+02 1.263E+01 4.476E+01 4.473E+01 
1.000E+03 1.225E+01 4.878E+01 4.874E+01 